1	10
1	21
1	49
1	92
1	105
1	153
2	16
2	40
2	44
2	69
2	71
2	76
2	83
2	89
2	108
2	158
2	160
3	11
3	18
3	44
3	51
3	89
3	140
3	145
3	155
3	157
3	158
3	167
4	57
4	119
4	141
5	2
5	6
5	7
5	11
5	22
5	27
5	42
5	46
5	52
5	54
5	71
5	79
5	81
5	83
5	85
5	86
5	90
5	97
5	102
5	106
5	108
5	115
5	128
5	154
5	158
5	160
5	170
5	180
5	182
6	5
6	38
6	52
6	68
6	73
6	74
6	79
6	83
6	84
6	95
6	108
6	129
6	148
7	2
7	17
7	23
7	27
7	28
7	35
7	47
7	51
7	60
7	64
7	79
7	83
7	85
7	90
7	94
7	100
7	103
7	108
7	114
7	116
7	127
7	137
7	141
7	150
7	158
7	160
7	169
7	172
7	175
7	177
8	22
8	28
8	33
8	54
8	77
8	95
8	97
8	150
8	162
8	179
9	28
9	34
9	66
9	96
9	99
9	104
9	109
9	113
9	114
9	125
9	152
9	171
10	1
10	14
10	21
10	31
10	49
10	56
10	84
10	92
10	93
10	105
10	120
10	122
10	130
10	132
10	143
10	153
11	46
11	82
11	85
11	102
11	157
11	158
11	180
12	23
12	28
12	30
12	39
12	47
12	51
12	52
12	57
12	66
12	71
12	79
12	93
12	97
12	113
12	115
12	124
12	130
12	141
12	146
12	154
12	156
12	158
12	161
12	163
12	164
12	166
12	170
12	174
13	34
13	35
13	38
13	39
13	58
13	59
13	64
13	74
13	83
13	108
13	124
13	147
13	148
13	164
13	173
14	10
14	31
14	56
14	80
14	92
14	105
14	120
14	130
14	132
14	143
14	149
15	42
15	91
15	131
15	160
15	173
16	2
16	37
16	40
16	69
16	71
16	76
16	121
17	7
17	20
17	33
17	48
17	50
17	63
17	65
17	83
17	84
17	85
17	86
17	94
17	97
17	117
17	119
17	121
17	126
17	127
17	133
17	139
17	141
17	150
17	165
18	3
18	4
18	11
18	23
18	25
18	27
18	46
18	50
18	57
18	66
18	76
18	82
18	85
18	89
18	91
18	93
18	96
18	98
18	117
18	135
18	144
18	152
18	156
18	157
18	158
18	167
18	173
18	176
18	180
18	183
19	33
19	41
19	65
19	87
19	122
20	10
20	60
20	84
20	85
20	149
21	1
21	10
21	14
21	56
22	8
22	35
22	77
22	134
22	150
23	7
23	30
23	40
23	51
23	57
23	61
23	66
23	98
23	100
23	107
23	115
23	116
23	138
23	144
23	146
23	161
23	165
23	169
23	170
23	177
24	34
24	52
24	95
24	96
24	99
24	104
24	125
24	152
24	159
24	162
24	171
24	178
25	23
25	40
25	81
25	144
25	154
25	174
26	9
26	96
26	99
26	104
26	109
26	114
26	125
26	159
26	168
26	171
26	178
27	37
27	42
27	57
27	62
27	81
27	91
27	116
27	127
27	142
27	168
27	172
28	7
28	8
28	22
28	24
28	39
28	47
28	52
28	57
28	58
28	59
28	64
28	67
28	68
28	71
28	79
28	83
28	84
28	85
28	95
28	97
28	108
28	113
28	124
28	129
28	130
28	141
28	146
28	147
28	148
28	154
28	155
28	158
28	162
28	164
28	174
28	179
29	33
29	35
29	84
29	108
29	122
29	134
29	154
29	184
30	2
30	7
30	11
30	23
30	50
30	51
30	61
30	66
30	69
30	93
30	98
30	100
30	103
30	107
30	111
30	116
30	158
30	161
30	163
30	166
30	169
30	172
30	173
30	175
30	177
31	10
31	14
31	56
31	92
31	120
31	130
31	143
31	149
31	184
32	152
32	162
33	8
33	17
33	22
33	29
33	36
33	39
33	45
33	65
33	78
33	86
33	87
33	101
33	122
33	134
33	150
34	9
34	13
34	24
34	26
34	38
34	39
34	51
34	58
34	59
34	64
34	93
34	96
34	99
34	104
34	109
34	110
34	113
34	115
34	116
34	123
34	125
34	147
34	152
34	159
34	162
34	164
34	168
34	170
34	171
34	178
35	13
35	22
35	28
35	29
35	31
35	38
35	39
35	52
35	64
35	73
35	74
35	83
35	108
35	134
35	135
35	145
35	147
35	159
35	168
35	173
35	182
36	8
36	22
36	45
36	77
36	78
36	139
36	150
37	5
37	16
37	42
37	50
37	79
37	81
37	83
37	102
37	128
37	135
37	168
37	170
38	9
38	13
38	28
38	30
38	34
38	35
38	39
38	51
38	52
38	58
38	70
38	74
38	75
38	83
38	86
38	93
38	106
38	108
38	111
38	124
38	156
38	163
38	166
38	170
38	173
39	12
39	13
39	22
39	28
39	36
39	38
39	51
39	52
39	59
39	66
39	83
39	84
39	93
39	97
39	108
39	111
39	112
39	113
39	115
39	124
39	134
39	145
39	146
39	147
39	163
39	164
39	170
39	173
40	2
40	15
40	16
40	23
40	25
40	27
40	62
40	63
40	69
40	71
40	76
40	117
40	119
40	127
40	131
40	135
40	140
40	142
40	168
40	174
41	19
41	122
41	126
41	170
42	5
42	15
42	27
42	37
42	79
42	81
42	91
42	102
42	128
42	131
42	142
42	168
44	2
44	11
44	46
44	52
44	71
44	79
44	83
44	85
44	108
44	128
44	158
44	160
44	176
45	36
46	11
46	44
46	79
46	81
46	85
46	160
47	11
47	17
47	28
47	33
47	52
47	57
47	65
47	67
47	77
47	79
47	83
47	108
47	141
47	154
48	62
48	63
48	119
48	127
48	165
49	10
49	14
49	21
49	56
49	80
49	92
49	132
49	153
50	37
50	66
50	94
50	98
50	108
50	131
50	160
51	7
51	18
51	23
51	30
51	34
51	37
51	38
51	39
51	61
51	66
51	69
51	71
51	76
51	82
51	100
51	108
51	113
51	115
51	116
51	124
51	146
51	156
51	163
51	168
51	169
51	170
51	171
51	172
51	173
51	175
52	5
52	6
52	28
52	38
52	47
52	57
52	67
52	68
52	71
52	74
52	79
52	83
52	90
52	95
52	106
52	108
52	129
52	146
52	148
52	154
52	158
52	176
52	179
54	5
54	8
54	73
54	83
54	108
54	134
54	179
54	184
55	50
55	52
56	10
56	14
56	31
56	49
56	92
56	105
56	132
57	4
57	23
57	27
57	47
57	50
57	61
57	66
57	67
57	79
57	83
57	85
57	91
57	98
57	108
57	110
57	117
57	127
57	138
57	141
57	155
57	158
57	176
58	13
58	24
58	34
58	38
58	52
58	68
58	70
58	75
58	95
58	113
58	114
58	124
58	146
58	162
58	164
59	7
59	13
59	28
59	38
59	39
59	52
59	54
59	57
59	64
59	66
59	83
59	94
59	97
59	108
59	110
59	113
59	115
59	127
59	141
59	146
59	147
59	149
59	158
59	159
59	164
59	168
59	179
60	3
60	7
60	20
60	119
60	127
60	133
60	141
60	144
60	165
60	177
61	7
61	23
61	30
61	57
61	66
61	75
61	79
61	82
61	98
61	100
61	115
61	141
61	156
61	158
61	163
61	166
61	170
61	174
61	181
62	7
62	48
62	63
62	119
62	127
62	131
63	27
63	48
63	83
63	91
63	94
63	119
63	127
63	133
63	141
63	149
63	160
63	165
63	168
63	172
63	177
63	181
64	7
64	10
64	12
64	13
64	22
64	28
64	34
64	35
64	39
64	47
64	52
64	59
64	66
64	68
64	73
64	74
64	80
64	83
64	86
64	90
64	94
64	95
64	96
64	97
64	99
64	104
64	108
64	110
64	113
64	125
64	127
64	130
64	134
64	137
64	141
64	145
64	146
64	147
64	148
64	149
64	159
64	164
64	168
64	171
64	179
64	182
65	17
65	33
65	77
65	122
65	126
66	7
66	18
66	23
66	28
66	30
66	39
66	51
66	93
66	111
66	113
66	115
66	124
66	141
66	146
66	156
66	158
66	161
66	170
67	5
67	28
67	47
67	52
67	54
67	57
67	58
67	68
67	79
67	83
67	97
67	106
67	108
67	113
67	124
67	127
67	129
67	141
67	147
67	148
67	154
67	155
67	158
67	164
67	179
68	5
68	6
68	7
68	24
68	28
68	34
68	35
68	38
68	52
68	54
68	58
68	73
68	74
68	75
68	83
68	90
68	95
68	108
68	115
68	116
68	129
68	134
68	147
68	148
68	152
68	154
68	159
68	162
68	164
69	2
69	16
69	40
69	51
69	173
70	9
70	13
70	23
70	39
70	58
70	113
70	124
70	166
70	173
71	2
71	16
71	23
71	28
71	40
71	44
71	51
71	52
71	68
71	69
71	76
71	83
71	95
71	100
71	102
71	108
71	158
71	173
71	174
73	5
73	6
73	52
73	54
73	58
73	68
73	74
73	75
73	83
73	94
73	99
73	108
73	124
73	134
73	148
73	154
73	162
73	170
73	179
74	6
74	13
74	28
74	35
74	38
74	39
74	52
74	58
74	64
74	73
74	83
74	90
74	95
74	106
74	108
74	124
74	129
74	134
74	147
74	148
74	154
74	159
74	162
74	182
75	5
75	6
75	24
75	28
75	38
75	52
75	58
75	67
75	68
75	70
75	73
75	74
75	79
75	83
75	90
75	95
75	106
75	108
75	124
75	129
75	147
75	148
75	152
75	154
75	162
75	164
75	178
75	182
76	2
76	18
76	23
76	40
76	51
76	93
76	135
77	17
77	54
77	86
77	134
77	150
78	8
78	33
78	36
78	45
78	87
78	101
79	2
79	3
79	5
79	6
79	11
79	37
79	42
79	44
79	46
79	47
79	50
79	52
79	57
79	66
79	67
79	68
79	71
79	81
79	83
79	85
79	90
79	97
79	100
79	102
79	106
79	108
79	127
79	128
79	134
79	140
79	141
79	148
79	155
79	158
79	160
79	168
79	169
79	179
80	33
80	39
80	92
80	100
80	126
80	132
80	143
80	149
80	153
81	5
81	8
81	11
81	25
81	37
81	42
81	46
81	50
81	57
81	73
81	79
81	82
81	83
81	85
81	94
81	102
81	117
81	128
81	140
81	141
81	158
81	180
82	11
82	18
82	51
82	81
82	89
82	158
82	181
83	2
83	3
83	4
83	5
83	6
83	7
83	10
83	11
83	17
83	18
83	19
83	22
83	24
83	28
83	31
83	33
83	37
83	38
83	40
83	41
83	44
83	46
83	47
83	48
83	50
83	52
83	54
83	55
83	57
83	58
83	59
83	60
83	62
83	63
83	65
83	66
83	67
83	68
83	71
83	73
83	75
83	76
83	77
83	79
83	80
83	84
83	85
83	86
83	87
83	89
83	90
83	94
83	95
83	97
83	98
83	102
83	103
83	106
83	107
83	108
83	113
83	117
83	119
83	120
83	121
83	124
83	126
83	127
83	128
83	129
83	130
83	133
83	134
83	137
83	138
83	140
83	141
83	144
83	147
83	148
83	149
83	150
83	152
83	154
83	155
83	157
83	158
83	160
83	162
83	164
83	165
83	167
83	174
83	176
83	177
83	179
83	180
83	182
83	183
83	184
84	6
84	17
84	20
84	43
84	52
84	83
84	85
84	108
84	127
84	160
85	3
85	5
85	7
85	11
85	17
85	44
85	46
85	50
85	79
85	81
85	82
85	83
85	84
85	86
85	89
85	91
85	94
85	117
85	128
85	150
85	158
85	160
85	180
86	2
86	5
86	17
86	22
86	33
86	38
86	41
86	50
86	52
86	54
86	83
86	90
86	126
86	127
86	134
86	150
86	158
86	160
87	33
87	65
87	78
87	122
89	18
90	2
90	7
90	13
90	37
90	48
90	52
90	55
90	59
90	63
90	64
90	83
90	91
90	94
90	103
90	119
90	121
90	127
90	137
90	158
90	160
90	177
91	2
91	3
91	7
91	11
91	15
91	16
91	17
91	18
91	27
91	40
91	42
91	44
91	46
91	48
91	50
91	55
91	62
91	63
91	82
91	85
91	89
91	90
91	94
91	98
91	103
91	116
91	119
91	120
91	121
91	127
91	131
91	137
91	142
91	149
91	158
91	160
91	175
91	177
91	180
91	183
91	184
92	10
92	14
92	21
92	31
92	49
92	56
92	80
92	100
92	105
92	120
92	130
92	132
92	143
92	149
92	153
92	184
93	10
93	13
93	18
93	28
93	30
93	34
93	39
93	51
93	59
93	66
93	76
93	82
93	97
93	111
93	113
93	115
93	124
93	134
93	146
93	156
93	161
93	163
93	166
93	170
93	173
94	50
94	62
94	73
94	83
94	90
94	91
94	108
94	121
94	127
94	135
94	160
95	2
95	5
95	6
95	7
95	8
95	16
95	20
95	22
95	24
95	28
95	33
95	35
95	37
95	38
95	42
95	43
95	52
95	54
95	58
95	62
95	63
95	68
95	70
95	73
95	74
95	79
95	83
95	84
95	86
95	87
95	90
95	91
95	103
95	108
95	116
95	119
95	121
95	124
95	127
95	129
95	130
95	131
95	132
95	133
95	134
95	135
95	147
95	148
95	152
95	154
95	158
95	160
95	162
95	180
95	184
96	9
96	18
96	24
96	25
96	26
96	28
96	32
96	34
96	95
96	99
96	101
96	104
96	109
96	114
96	123
96	125
96	146
96	152
96	159
96	162
96	168
96	171
96	178
97	5
97	10
97	19
97	28
97	31
97	39
97	47
97	54
97	59
97	80
97	83
97	87
97	106
97	108
97	113
97	126
97	146
97	147
97	154
97	179
98	23
98	30
98	55
98	57
98	61
98	76
98	107
98	117
98	138
99	9
99	24
99	26
99	32
99	34
99	73
99	96
99	104
99	109
99	114
99	125
99	129
99	152
99	159
99	162
99	171
99	178
99	179
100	7
100	23
100	30
100	51
100	61
100	71
100	79
100	92
100	127
100	141
100	156
100	163
100	166
101	8
101	26
101	33
101	78
101	87
101	96
101	99
101	114
102	5
102	37
102	42
102	47
102	57
102	79
102	81
102	83
102	108
102	127
102	128
102	135
102	140
102	141
102	154
102	158
102	168
103	7
103	48
103	63
103	91
103	100
103	119
103	127
103	137
103	177
104	9
104	24
104	26
104	34
104	96
104	99
104	109
104	114
104	125
104	152
104	159
104	168
104	171
104	178
105	10
105	14
105	31
105	56
105	92
106	1
106	2
106	3
106	5
106	6
106	7
106	16
106	17
106	20
106	21
106	22
106	24
106	28
106	31
106	33
106	35
106	36
106	38
106	39
106	40
106	41
106	44
106	47
106	48
106	49
106	50
106	52
106	54
106	55
106	56
106	57
106	58
106	62
106	63
106	65
106	67
106	68
106	70
106	73
106	74
106	79
106	81
106	83
106	84
106	85
106	86
106	89
106	90
106	94
106	95
106	97
106	102
106	107
106	108
106	111
106	113
106	115
106	119
106	124
106	126
106	127
106	128
106	129
106	130
106	134
106	137
106	147
106	148
106	150
106	152
106	153
106	154
106	158
106	160
106	162
106	164
106	168
106	170
106	173
106	174
106	179
106	180
106	182
106	184
107	30
107	44
107	50
107	108
108	2
108	5
108	6
108	7
108	8
108	11
108	22
108	24
108	28
108	35
108	38
108	39
108	44
108	47
108	50
108	51
108	52
108	54
108	57
108	59
108	64
108	66
108	67
108	68
108	71
108	73
108	74
108	79
108	83
108	84
108	85
108	86
108	90
108	93
108	94
108	95
108	97
108	102
108	106
108	107
108	111
108	113
108	115
108	116
108	117
108	120
108	124
108	126
108	127
108	128
108	129
108	130
108	134
108	138
108	140
108	141
108	146
108	147
108	148
108	149
108	150
108	154
108	156
108	158
108	160
108	164
108	170
108	173
108	174
108	175
108	179
108	182
108	184
109	9
109	24
109	26
109	34
109	99
109	104
109	114
109	125
109	152
109	159
109	162
109	168
109	171
109	178
110	59
110	64
110	108
110	147
110	158
110	164
110	179
111	30
111	39
111	51
111	108
111	115
111	148
111	156
111	163
111	166
111	170
111	173
113	5
113	23
113	28
113	30
113	39
113	51
113	52
113	58
113	59
113	66
113	67
113	70
113	83
113	93
113	97
113	106
113	108
113	111
113	112
113	115
113	124
113	129
113	146
113	147
113	148
113	156
113	161
113	163
113	164
113	166
113	170
113	179
114	9
114	26
114	96
114	99
114	101
114	104
114	125
114	129
114	152
114	171
114	178
115	5
115	12
115	23
115	30
115	37
115	38
115	39
115	51
115	54
115	59
115	66
115	79
115	84
115	93
115	108
115	111
115	113
115	124
115	140
115	146
115	147
115	156
115	161
115	163
115	164
115	166
115	170
116	7
116	23
116	35
116	48
116	51
116	63
116	91
116	100
116	127
116	135
116	141
116	165
116	168
116	172
116	175
117	11
117	17
117	40
117	47
117	48
117	50
117	55
117	57
117	60
117	98
117	119
117	127
117	131
117	140
117	142
117	158
117	160
117	165
117	177
119	17
119	20
119	25
119	40
119	42
119	48
119	60
119	62
119	63
119	91
119	94
119	103
119	117
119	120
119	121
119	127
119	131
119	133
119	135
119	141
119	142
119	144
119	149
119	165
119	168
119	175
119	177
120	90
120	94
120	127
120	130
120	133
120	149
121	16
121	50
121	62
121	63
121	69
121	90
121	91
121	94
121	127
121	133
121	135
121	137
121	141
121	177
121	181
122	10
122	14
122	19
122	33
122	41
122	65
122	87
122	134
122	149
122	184
124	5
124	6
124	13
124	24
124	38
124	39
124	50
124	52
124	58
124	66
124	67
124	73
124	74
124	83
124	108
124	113
124	115
124	146
124	154
124	160
124	164
124	170
125	9
125	24
125	26
125	64
125	96
125	99
125	104
125	109
125	114
125	152
125	159
125	168
125	171
125	178
126	19
126	41
126	65
126	84
126	86
126	97
126	134
126	150
127	2
127	7
127	17
127	20
127	27
127	40
127	48
127	50
127	57
127	60
127	62
127	63
127	66
127	67
127	76
127	79
127	83
127	84
127	86
127	90
127	91
127	94
127	100
127	102
127	103
127	108
127	116
127	117
127	119
127	120
127	121
127	130
127	131
127	133
127	135
127	137
127	140
127	141
127	144
127	149
127	158
127	160
127	165
127	168
127	173
127	177
127	180
128	44
128	79
128	81
128	100
128	102
129	5
129	6
129	24
129	28
129	38
129	52
129	54
129	58
129	67
129	68
129	70
129	74
129	75
129	83
129	95
129	106
129	108
129	113
129	114
129	148
129	154
129	162
129	164
129	179
130	22
130	94
130	120
130	127
130	134
131	3
131	11
131	15
131	18
131	40
131	42
131	44
131	46
131	50
131	62
131	82
131	85
131	89
131	90
131	91
131	98
131	117
131	119
131	127
131	133
131	149
131	158
131	160
131	173
131	180
131	183
132	10
132	14
132	105
133	4
133	7
133	17
133	27
133	37
133	40
133	42
133	46
133	48
133	55
133	60
133	62
133	63
133	90
133	91
133	94
133	100
133	102
133	103
133	119
133	120
133	121
133	127
133	131
133	135
133	137
133	141
133	142
133	144
133	149
133	158
133	160
133	165
133	168
133	177
134	5
134	17
134	22
134	33
134	35
134	36
134	38
134	39
134	52
134	54
134	59
134	65
134	73
134	77
134	79
134	83
134	84
134	86
134	93
134	106
134	108
134	122
134	126
134	130
134	135
134	147
134	148
134	150
134	152
134	160
134	163
134	168
134	184
135	18
135	35
135	37
135	40
135	48
135	59
135	62
135	63
135	76
135	90
135	94
135	102
135	103
135	116
135	119
135	120
135	121
135	127
135	128
135	133
135	137
135	149
135	168
135	172
135	175
135	177
136	10
136	20
136	42
136	91
136	103
136	184
137	7
137	48
137	62
137	63
137	64
137	74
137	83
137	90
137	94
137	100
137	103
137	119
137	121
137	127
137	133
137	173
137	177
138	23
138	57
138	61
138	98
138	106
138	115
138	142
138	176
139	8
139	36
139	78
139	101
140	11
140	40
140	67
140	79
140	102
140	108
140	115
140	127
140	157
140	158
140	177
141	5
141	7
141	20
141	28
141	47
141	48
141	57
141	59
141	60
141	63
141	64
141	66
141	79
141	83
141	85
141	94
141	115
141	116
141	119
141	121
141	127
141	133
141	144
141	146
141	147
141	149
141	154
141	158
141	162
141	164
141	165
141	168
141	174
141	177
142	4
142	27
142	40
142	42
142	50
142	60
142	61
142	62
142	91
142	98
142	117
142	119
142	133
142	138
142	177
143	56
143	80
143	92
143	105
143	132
143	149
144	18
144	20
144	25
144	48
144	60
144	63
144	119
144	127
144	141
144	151
144	165
144	172
144	177
145	35
145	64
146	3
146	12
146	28
146	39
146	47
146	51
146	52
146	58
146	59
146	64
146	66
146	83
146	93
146	96
146	97
146	106
146	108
146	111
146	112
146	113
146	115
146	124
146	127
146	129
146	130
146	141
146	147
146	148
146	156
146	158
146	164
146	170
146	176
146	179
147	6
147	13
147	28
147	35
147	38
147	52
147	54
147	58
147	59
147	60
147	64
147	66
147	67
147	68
147	74
147	83
147	95
147	97
147	108
147	113
147	115
147	129
147	134
147	141
147	146
147	148
147	162
147	164
147	179
147	182
148	5
148	6
148	28
148	38
148	52
148	58
148	67
148	73
148	75
148	83
148	95
148	108
148	113
148	129
148	146
148	154
148	159
148	164
148	179
148	182
148	184
149	31
149	64
149	83
149	120
149	127
149	130
150	97
152	9
152	24
152	32
152	34
152	68
152	74
152	96
152	99
152	104
152	109
152	114
152	125
152	154
152	159
152	162
152	170
152	171
152	178
153	1
153	10
153	21
153	31
153	49
153	92
154	2
154	5
154	6
154	7
154	8
154	11
154	19
154	22
154	25
154	27
154	28
154	33
154	37
154	38
154	39
154	40
154	41
154	42
154	44
154	46
154	47
154	48
154	50
154	52
154	53
154	54
154	55
154	58
154	61
154	62
154	63
154	65
154	67
154	68
154	69
154	71
154	73
154	74
154	75
154	76
154	77
154	78
154	79
154	81
154	83
154	86
154	87
154	88
154	90
154	91
154	94
154	95
154	101
154	102
154	103
154	106
154	107
154	108
154	115
154	117
154	122
154	126
154	127
154	128
154	129
154	131
154	133
154	134
154	139
154	142
154	144
154	148
154	150
154	152
154	157
154	158
154	160
154	162
154	164
154	168
154	172
154	176
154	179
154	182
154	184
155	11
155	28
155	67
155	81
155	108
155	158
156	7
156	12
156	16
156	30
156	39
156	61
156	66
156	79
156	93
156	97
156	100
156	102
156	111
156	115
156	124
156	128
156	134
156	146
156	158
156	161
156	163
156	166
156	170
156	173
157	18
157	37
157	102
157	115
157	158
158	2
158	3
158	4
158	11
158	18
158	28
158	30
158	44
158	46
158	47
158	57
158	66
158	67
158	71
158	79
158	81
158	82
158	83
158	85
158	86
158	89
158	91
158	97
158	102
158	106
158	108
158	127
158	128
158	140
158	141
158	144
158	154
158	155
158	156
158	157
158	160
158	167
158	173
158	174
158	177
158	180
158	181
158	184
159	24
159	26
159	34
159	35
159	59
159	64
159	74
159	96
159	99
159	104
159	108
159	109
159	110
159	115
159	125
159	147
159	152
159	162
159	164
159	168
159	171
159	178
160	2
160	15
160	46
160	50
160	52
160	55
160	63
160	79
160	83
160	90
160	98
160	106
160	107
160	108
160	117
160	124
160	127
160	134
160	158
160	173
160	176
161	11
161	23
161	30
161	61
161	66
161	115
161	156
161	167
161	170
162	5
162	8
162	24
162	34
162	52
162	57
162	58
162	67
162	68
162	74
162	83
162	95
162	96
162	97
162	99
162	104
162	109
162	114
162	125
162	129
162	148
162	152
162	154
162	158
162	159
162	164
162	178
162	179
163	18
163	22
163	30
163	31
163	39
163	51
163	54
163	61
163	86
163	93
163	100
163	107
163	111
163	115
163	134
163	141
163	156
163	166
163	169
163	170
163	173
163	184
164	13
164	28
164	38
164	52
164	58
164	59
164	60
164	64
164	66
164	67
164	68
164	75
164	83
164	95
164	108
164	110
164	112
164	113
164	124
164	127
164	129
164	141
164	146
164	147
164	148
164	149
164	152
164	158
164	159
164	162
164	179
166	13
166	18
166	30
166	51
166	61
166	70
166	93
166	100
166	111
166	115
166	156
166	163
166	170
167	18
167	161
168	7
168	17
168	22
168	24
168	26
168	33
168	34
168	35
168	36
168	37
168	40
168	41
168	42
168	45
168	51
168	59
168	63
168	64
168	65
168	77
168	78
168	86
168	87
168	96
168	102
168	104
168	109
168	119
168	122
168	123
168	125
168	126
168	127
168	133
168	134
168	141
168	147
168	150
168	152
168	159
168	172
168	177
169	7
169	16
169	23
169	30
169	37
169	51
169	66
169	120
169	127
169	137
169	161
170	5
170	7
170	12
170	22
170	23
170	30
170	37
170	39
170	47
170	61
170	66
170	67
170	79
170	83
170	84
170	93
170	97
170	108
170	111
170	113
170	115
170	124
170	128
170	130
170	134
170	146
170	152
170	154
170	156
170	161
170	163
170	164
170	166
170	173
171	9
171	26
171	34
171	99
171	101
171	104
171	114
171	125
171	159
171	178
172	7
172	30
172	51
172	63
172	116
172	135
172	175
173	13
173	30
173	38
173	39
173	51
173	93
173	107
173	108
173	127
173	148
173	152
174	66
174	83
175	7
175	30
175	48
175	51
175	63
175	116
175	135
175	172
176	52
176	57
176	83
176	95
176	98
177	25
177	40
177	47
177	48
177	50
177	60
177	63
177	94
177	100
177	103
177	115
177	117
177	119
177	121
177	127
177	133
177	135
177	141
177	144
177	165
177	168
177	170
178	9
178	24
178	26
178	34
178	96
178	99
178	104
178	114
178	125
178	152
178	159
178	162
178	168
178	171
179	5
179	8
179	24
179	28
179	47
179	52
179	54
179	57
179	59
179	67
179	68
179	71
179	79
179	83
179	95
179	97
179	99
179	106
179	108
179	110
179	113
179	147
179	148
179	154
179	159
179	162
179	164
179	178
179	181
180	37
180	44
180	50
180	81
180	85
180	137
181	47
181	50
181	57
181	71
181	79
181	81
181	83
181	97
181	100
181	121
181	141
181	158
181	174
181	179
182	52
182	83
182	108
182	147
182	148
182	154
183	18
183	91
183	95
183	137
184	16
184	22
184	29
184	31
184	33
184	39
184	42
184	50
184	54
184	83
184	84
184	86
184	91
184	108
184	134
184	150
184	154
184	163
